0,2:  7 nach Doppelclick 6 nach Click
0,7: 43 nach Doppelclick 3 nach Click

1,1: HB Batteriespannung 4,08V = 0xd71, 3,7 = 0xbfa, 4,00V = d2c digit*1.2
1,2: LB

7,7 = LB Zähler bis 8000: Zählt hoch wenn aufgeladen wird, Zählt runter wenn entladen wird
7,8 = HB Zähler bis 8000



http://www.ismartware.com/details-2-44.html



00: 00 11 01 06 33 04 00 00 00 11 00 FF 00 00 00 00
10: 00 A8 09 00 02 00 00 00 00 00 00 00 00 00 00 00
20: 00 00 00 00 00 00 00 00 00 00 00 00 00 00 00 00
30: 00 00 40 00 0E 00 00 00 00 08 00 00 00 00 00 00
40: 90 C0 00 03 30 00 00 00 00 00 00 00 00 00 00 00
50: 00 00 00 00 00 00 00 00 00 00 00 00 00 00 00 00
60: 02 04 05 1C 02 00 00 00 0E 0D 00 00 00 00 00 00
70: 00 00 00 00 00 53 06 00 00 00 00 00 00 30 61 00
80: 20 00 00 00 00 00 00 00 00 00 00 00 00 00 00 00
90: 00 00 00 00 00 00 00 00 00 00 00 00 00 00 00 00
A0: 00 00 00 00 00 00 00 00 00 00 00 00 00 00 00 00
B0: 00 00 00 00 00 00 00 00 00 00 00 00 00 00 00 00
C0: 02 04 05 1C 02 ED 90 C0 00 03 30 20 00 00 C0 0E
D0: 00 00 00 00 00 00 00 00 00 00 00 00 00 00 00 00
E0: 00 00 00 00 00 00 00 00 00 00 00 00 00 00 00 00
F0: 00 00 00 00 00 00 00 00 00 00 00 00 00 00 00 00


